a	COL(1)	COL(2)	COL(3)	COL(4)	COL(5)	COL(6)	COL(7)	COL(8)	COL(9)	COL(10)	COL(11)	COL(12)	COL(13)	COL(14)	COL(15)	COL(16)	COL(17)	COL(18)	COL(19)	COL(20)	COL(21)	COL(22)	COL(23)	COL(24)	COL(25)	COL(26)	COL(27)	COL(28)
COL(1)
COL(2)	64.4409937888199
COL(3)	63.2352941176471	50.1156984532944
COL(4)	66.2280701754386	45.6685191238967	28.4313725490196
COL(5)	63.2300884955752	29.8631341724839	24.3970154433455	32.3164104952647
COL(6)	67.5	14.6739130434783	48.578431372549	43.9035087719298	24.1814159292035
COL(7)	35	99.3788819875776	92.156862745098	96.4912280701754	98.2300884955752	99.1666666666667
COL(8)	35	99.3788819875776	92.156862745098	96.4912280701754	98.2300884955752	99.1666666666667	0
COL(9)	35	99.3788819875776	92.156862745098	96.4912280701755	98.2300884955752	99.1666666666667	27.2727272727273	27.2727272727273
COL(10)	35	99.3788819875776	92.156862745098	96.4912280701755	98.2300884955752	99.1666666666667	33.3333333333333	33.3333333333333	6.06060606060606
COL(11)	35	99.3788819875776	92.156862745098	96.4912280701754	98.2300884955752	99.1666666666667	0	0	27.2727272727273	33.3333333333333
COL(12)	72.5	79.4836956521739	67.4632352941177	46.875	71.2112831858407	77.7083333333333	90.625	90.625	90.625	90.625	90.625
COL(13)	63.2203389830509	48.4472049689441	5.55001661681622	25.2750520368718	21.5389230538473	45.7203389830509	93.2203389830509	93.2203389830509	93.2203389830509	93.2203389830509	93.2203389830509	62.9766949152542
COL(14)	35	99.3788819875776	92.156862745098	96.4912280701754	98.2300884955752	99.1666666666667	25	25	2.27272727272727	8.33333333333333	25	90.625	93.2203389830509
COL(15)	35	99.3788819875776	92.156862745098	96.4912280701754	98.2300884955752	99.1666666666667	0	0	27.2727272727273	33.3333333333333	0	90.625	93.2203389830509	25
COL(16)	35	99.3788819875776	92.156862745098	96.4912280701754	98.2300884955752	99.1666666666667	0	0	27.2727272727273	33.3333333333333	0	90.625	93.2203389830509	25	0
COL(17)	100	100	100	100	100	100	100	100	72.7272727272727	66.6666666666667	100	100	100	75	100	100
COL(18)	68.1481481481482	47.2049689440994	10.6753812636166	30.6042884990253	20.2556538839725	41.5740740740741	98.1481481481482	98.1481481481482	98.1481481481482	98.1481481481482	98.1481481481482	69.0972222222222	12.3038292529818	98.1481481481482	98.1481481481482	98.1481481481482	100
COL(19)	85	64.5962732919255	29.4117647058824	53.5087719298246	44.2477876106195	60	100	100	100	100	100	96.875	33.8983050847458	100	100	100	100	27.7777777777778
COL(20)	81.7741935483871	61.3704668403126	29.4117647058824	52.6315789473684	41.0219811590066	56.7741935483871	100	100	90.3225806451613	90.3225806451613	100	96.875	33.8983050847458	90.3225806451613	100	100	90.3225806451613	27.7777777777778	12.9032258064516
COL(21)	66.6666666666667	99.3788819875776	92.156862745098	96.4912280701755	98.2300884955752	99.1666666666667	66.6666666666667	66.6666666666667	39.3939393939394	33.3333333333333	66.6666666666667	90.625	93.2203389830509	41.6666666666667	66.6666666666667	66.6666666666667	33.3333333333333	98.1481481481482	100	90.3225806451613
COL(22)	35	99.3788819875776	92.156862745098	96.4912280701754	98.2300884955752	99.1666666666667	0	0	27.2727272727273	33.3333333333333	0	90.625	93.2203389830509	25	0	0	100	98.1481481481482	100	100	66.6666666666667
COL(23)	85	83.2298136645963	78.4313725490196	53.5087719298246	76.1061946902655	81.6666666666667	100	100	100	100	100	17.7083333333333	72.8813559322034	100	100	100	100	74.0740740740741	100	100	100	100
COL(24)	100	100	100	100	100	100	100	100	72.7272727272727	66.6666666666667	100	100	100	75	100	100	0	100	100	90.3225806451613	33.3333333333333	100	100
COL(25)	35	99.3788819875776	92.156862745098	96.4912280701754	98.2300884955752	99.1666666666667	0	0	27.2727272727273	33.3333333333333	0	90.625	93.2203389830509	25	0	0	100	98.1481481481482	100	100	66.6666666666667	0	100	100
COL(26)	75	53.416149068323	19.4957983193277	21.4786967418546	30.0884955752212	51.6666666666667	100	100	100	100	100	59.7321428571429	16.8038740920097	100	100	100	100	20.4761904761905	37.1428571428571	37.1428571428571	100	100	62.8571428571429	100	100
COL(27)	70	47.8260869565217	19.2476990796319	28.7146437522377	20.353982300885	41.6666666666667	100	100	100	100	100	60.8418367346939	15.6693185748876	100	100	100	100	16.5532879818594	40.8163265306123	40.8163265306123	100	100	62.9251700680272	100	100	20.4081632653061
COL(28)	71.6666666666667	47.9296066252588	21.078431372549	44.2982456140351	27.5811209439528	45	100	100	100	100	100	88.5416666666667	25.5649717514124	100	100	100	100	19.4444444444444	16.6666666666667	13.4408602150538	100	100	91.6666666666667	100	100	28.8095238095238	32.4829931972789
